jayID=3301376
Name=ÿÿÿa
Salary=-900.391235
ID=2777088
Name=ÿÿÿa
Salary=0.000000
ID=2871296
Name=ÿÿÿa
Salary=-1621817032704.000000
ID=4153344
Name=ÿÿÿa
Salary=-1385851.625000
ID=2334720
Name=ÿÿÿa
Salary=-0.000000
ID=101
Name=jay
Salary=2000.000000
